20 0.6787974683544303 0.3861228813559322 0.2141350210970464 0.1917372881355932
20 0.2489451476793249 0.3776483050847458 0.3059071729957806 0.21504237288135594
20 0.5332278481012658 0.5143008474576272 0.05590717299578059 0.08792372881355932
20 0.2631856540084388 0.24364406779661016 0.07911392405063292 0.057203389830508475
7 0.2921940928270042 0.7097457627118644 0.5189873417721519 0.5635593220338984
31 0.620253164556962 0.715572033898305 0.5675105485232067 0.4226694915254237
29 0.39451476793248946 0.2865466101694915 0.2320675105485232 0.3252118644067797
29 0.4878691983122363 0.423728813559322 0.2310126582278481 0.2478813559322034
29 0.7758438818565401 0.350635593220339 0.3154008438818565 0.25
29 0.7056962025316456 0.5042372881355932 0.31645569620253167 0.11016949152542373
29 0.21835443037974683 0.2754237288135593 0.08227848101265822 0.11652542372881355
29 0.12658227848101267 0.3914194915254237 0.06329113924050633 0.07097457627118645
20 0.6497890295358649 0.22139830508474576 0.4409282700421941 0.2605932203389831
