28 0.4166666666666667 0.3763326226012793 0.4775051124744376 0.5778251599147122
7 0.679959100204499 0.3331556503198294 0.24539877300613497 0.46588486140724944
32 0.6988752556237219 0.7308102345415778 0.14212678936605316 0.21428571428571427
32 0.36400817995910023 0.6780383795309168 0.1083844580777096 0.1023454157782516
29 0.23977505112474437 0.5767590618336887 0.18711656441717792 0.21961620469083157
29 0.3062372188139059 0.7883795309168443 0.2280163599182004 0.25906183368869934
29 0.5204498977505112 0.8097014925373134 0.2965235173824131 0.3017057569296375
29 0.700920245398773 0.8598081023454158 0.11758691206543967 0.1140724946695096
29 0.6017382413087935 0.6721748400852878 0.16257668711656442 0.21002132196162046
29 0.7745398773006135 0.5303837953091685 0.32413087934560325 0.5383795309168443
