4 0.213333 0.519048 0.293333 0.123810
4 0.391667 0.450000 0.203333 0.057143
4 0.621667 0.465476 0.170000 0.059524
4 0.653333 0.561905 0.166667 0.104762
4 0.251667 0.780952 0.443333 0.185714
4 0.573333 0.753571 0.206667 0.154762
4 0.558333 0.853571 0.196667 0.040476
4 0.751667 0.709524 0.170000 0.157143
4 0.800000 0.565476 0.120000 0.064286
4 0.885000 0.658333 0.063333 0.064286
2 0.201667 0.629762 0.383333 0.188095
2 0.310000 0.735714 0.173333 0.109524
2 0.456667 0.711905 0.166667 0.138095
2 0.493333 0.559524 0.306667 0.204762
2 0.685000 0.790476 0.183333 0.119048
2 0.851667 0.678571 0.143333 0.195238
2 0.750000 0.533333 0.126667 0.061905
