4 0.493750 0.584722 0.983333 0.813889
11 0.537500 0.497222 0.233333 0.172222
11 0.165625 0.361111 0.060417 0.050000
11 0.261458 0.568056 0.097917 0.136111
11 0.382292 0.327778 0.110417 0.100000
11 0.580208 0.272222 0.077083 0.150000
11 0.513542 0.898611 0.160417 0.180556
11 0.790625 0.879167 0.127083 0.108333
11 0.878125 0.629167 0.056250 0.069444
11 0.956250 0.586111 0.062500 0.088889
11 0.978125 0.701389 0.043750 0.069444
11 0.655208 0.391667 0.085417 0.122222
11 0.716667 0.483333 0.116667 0.083333
11 0.292708 0.270833 0.035417 0.058333
24 0.054167 0.497222 0.037500 0.066667
24 0.294792 0.441667 0.110417 0.100000
24 0.369792 0.500000 0.043750 0.050000
24 0.511458 0.698611 0.052083 0.058333
11 0.484375 0.641667 0.056250 0.077778
11 0.792708 0.322222 0.056250 0.088889
