31 0.254464 0.640000 0.285714 0.257778
31 0.165179 0.442222 0.133929 0.155556
31 0.236607 0.291111 0.142857 0.084444
31 0.408482 0.511111 0.290179 0.248889
31 0.511161 0.346667 0.245536 0.257778
31 0.522321 0.693333 0.330357 0.240000
31 0.765625 0.562222 0.236607 0.262222
31 0.779018 0.388889 0.111607 0.146667
11 0.301339 0.362222 0.102679 0.102222
11 0.736607 0.515556 0.241071 0.142222
4 0.078125 0.575556 0.147321 0.120000
4 0.104911 0.388889 0.129464 0.164444
4 0.287946 0.522222 0.191964 0.182222
4 0.214286 0.364444 0.089286 0.106667
4 0.625000 0.482222 0.187500 0.120000
4 0.718750 0.733333 0.187500 0.115556
4 0.720982 0.344444 0.272321 0.217778
4 0.904018 0.428889 0.174107 0.128889
4 0.375000 0.320000 0.178571 0.213333
4 0.533482 0.224444 0.200893 0.066667
