13 0.2534076827757125 0.20948275862068966 0.3110285006195787 0.24655172413793103
9 0.580545229244114 0.8137931034482758 0.21437422552664187 0.22758620689655173
21 0.5892193308550185 0.22586206896551725 0.13506815365551425 0.08620689655172414
26 0.5557620817843866 0.4862068965517241 0.20693928128872366 0.46206896551724136
21 0.788723667905824 0.6086206896551725 0.048327137546468404 0.08620689655172414
26 0.8618339529120198 0.6681034482758621 0.09541511771995044 0.2396551724137931
1 0.6697645600991325 0.2827586206896552 0.32094175960346966 0.28620689655172415
1 0.8477075588599753 0.4482758620689655 0.1236679058240396 0.19655172413793104
14 0.3277571251548947 0.4525862068965517 0.15489467162329615 0.2913793103448276
1 0.675278810408922 0.629396551724138 0.18822800495662947 0.2205172413793103
13 0.241635687732342 0.628448275862069 0.3742255266418835 0.5189655172413793
33 0.16418835192069392 0.7293103448275862 0.17224287484510534 0.3
21 0.8079306071871127 0.47844827586206895 0.04460966542750929 0.07413793103448275
24 0.15489467162329615 0.41724137931034483 0.1809169764560099 0.2689655172413793
