23 0.427817 0.548023 0.186620 0.395480
23 0.545775 0.251412 0.161972 0.129944
23 0.619718 0.635593 0.183099 0.378531
23 0.635563 0.398305 0.193662 0.197740
23 0.827465 0.401130 0.098592 0.192090
29 0.404930 0.319209 0.056338 0.107345
29 0.501761 0.401130 0.151408 0.259887
29 0.366197 0.587571 0.063380 0.158192
29 0.498239 0.717514 0.179577 0.214689
29 0.783451 0.638418 0.172535 0.282486
29 0.843310 0.559322 0.109155 0.169492
29 0.758803 0.409605 0.116197 0.197740
34 0.176056 0.194915 0.211268 0.322034
