29 0.173745 0.628866 0.146718 0.237113
29 0.428571 0.739691 0.478764 0.407216
29 0.683398 0.688144 0.169884 0.520619
29 0.444015 0.427835 0.239382 0.360825
29 0.862934 0.481959 0.150579 0.345361
29 0.886100 0.726804 0.088803 0.134021
29 0.608108 0.422680 0.196911 0.144330
29 0.706564 0.324742 0.162162 0.154639
29 0.760618 0.250000 0.208494 0.170103
29 0.928571 0.399485 0.142857 0.159794
29 0.899614 0.288660 0.092664 0.113402
29 0.308880 0.270619 0.308880 0.149485
29 0.357143 0.149485 0.243243 0.144330
29 0.588803 0.085052 0.243243 0.159794
21 0.222008 0.327320 0.196911 0.190722
21 0.262548 0.546392 0.216216 0.288660
21 0.575290 0.592784 0.177606 0.309278
21 0.762548 0.603093 0.196911 0.546392
21 0.586873 0.221649 0.208494 0.206186
21 0.799228 0.201031 0.223938 0.247423
