29 0.241870 0.343902 0.223577 0.297561
29 0.617886 0.536585 0.130081 0.097561
29 0.666667 0.453659 0.113821 0.107317
29 0.404472 0.626829 0.150407 0.121951
29 0.300813 0.712195 0.065041 0.126829
29 0.388211 0.800000 0.044715 0.048780
29 0.554878 0.751220 0.158537 0.185366
29 0.664634 0.853659 0.231707 0.136585
29 0.947154 0.936585 0.097561 0.126829
29 0.802846 0.546341 0.044715 0.078049
29 0.400407 0.460976 0.085366 0.082927
23 0.343496 0.565854 0.134146 0.146341
23 0.402439 0.782927 0.195122 0.278049
23 0.573171 0.846341 0.130081 0.121951
23 0.510163 0.648780 0.085366 0.156098
23 0.506098 0.478049 0.207317 0.224390
23 0.630081 0.682927 0.146341 0.214634
23 0.745935 0.646341 0.174797 0.287805
23 0.502033 0.065854 0.101626 0.121951
23 0.585366 0.126829 0.130081 0.126829
23 0.514228 0.204878 0.134146 0.117073
23 0.709350 0.058537 0.166667 0.107317
23 0.878049 0.136585 0.243902 0.263415
