9 0.282051 0.768340 0.328205 0.208494
9 0.541026 0.664093 0.302564 0.216216
9 0.197436 0.608108 0.179487 0.127413
9 0.202564 0.388031 0.374359 0.142857
9 0.410256 0.283784 0.143590 0.135135
9 0.607692 0.337838 0.435897 0.351351
9 0.748718 0.600386 0.246154 0.104247
9 0.866667 0.415058 0.092308 0.088803
9 0.953846 0.389961 0.092308 0.146718
9 0.766667 0.252896 0.128205 0.127413
29 0.307692 0.335907 0.225641 0.131274
29 0.200000 0.521236 0.379487 0.200772
29 0.400000 0.594595 0.235897 0.239382
29 0.115385 0.772201 0.220513 0.138996
29 0.561538 0.824324 0.271795 0.250965
29 0.641026 0.548263 0.123077 0.061776
29 0.853846 0.482625 0.292308 0.162162
29 0.876923 0.671815 0.246154 0.216216
25 0.282051 0.202703 0.553846 0.397683
