29 0.175676 0.600515 0.328185 0.458763
29 0.210425 0.247423 0.320463 0.412371
29 0.447876 0.159794 0.177606 0.247423
29 0.463320 0.311856 0.216216 0.262887
29 0.650579 0.255155 0.274131 0.273196
29 0.472973 0.592784 0.451737 0.309278
29 0.476834 0.414948 0.312741 0.180412
29 0.486486 0.690722 0.347490 0.340206
29 0.422780 0.863402 0.166023 0.170103
29 0.687259 0.695876 0.131274 0.164948
29 0.752896 0.569588 0.193050 0.314433
29 0.855212 0.432990 0.088803 0.164948
29 0.486486 0.273196 0.270270 0.319588
21 0.451737 0.221649 0.169884 0.247423
21 0.270270 0.402062 0.193050 0.371134
21 0.569498 0.296392 0.042471 0.067010
21 0.741313 0.347938 0.193050 0.159794
