29 0.200772 0.590206 0.262548 0.355670
29 0.401544 0.505155 0.123552 0.206186
29 0.305019 0.226804 0.138996 0.123711
29 0.507722 0.257732 0.258687 0.175258
29 0.712355 0.201031 0.204633 0.226804
29 0.795367 0.381443 0.185328 0.195876
29 0.627413 0.494845 0.104247 0.164948
29 0.635135 0.675258 0.227799 0.319588
29 0.795367 0.515464 0.146718 0.216495
29 0.781853 0.690722 0.189189 0.257732
29 0.693050 0.871134 0.227799 0.175258
1 0.322394 0.355670 0.281853 0.247423
1 0.555985 0.193299 0.216216 0.180412
1 0.534749 0.461340 0.196911 0.262887
1 0.671815 0.373711 0.131274 0.180412
1 0.262548 0.806701 0.123552 0.108247
1 0.397683 0.739691 0.324324 0.427835
1 0.567568 0.865979 0.115830 0.103093
1 0.644788 0.796392 0.084942 0.159794
