6 0.32400379506641364 0.4713216957605985 0.3235294117647059 0.4763092269326683
33 0.7699240986717267 0.571072319201995 0.26091081593927895 0.41895261845386533
7 0.49430740037950666 0.678927680798005 0.3548387096774194 0.36034912718204487
7 0.24478178368121442 0.6895261845386533 0.15370018975332067 0.2892768079800499
27 0.11432637571157495 0.690149625935162 0.12618595825426945 0.15586034912718205
28 0.10768500948766603 0.4295511221945137 0.21537001897533206 0.35785536159601
35 0.19924098671726756 0.2194513715710723 0.2637571157495256 0.16708229426433915
0 0.3818785578747628 0.12344139650872818 0.3538899430740038 0.24688279301745636
31 0.6328273244781784 0.1639650872817955 0.25996204933586337 0.21072319201995013
17 0.8121442125237192 0.3011221945137157 0.1954459203036053 0.3054862842892768
6 0.6437381404174574 0.34663341645885287 0.32922201138519924 0.22693266832917705
6 0.5384250474383302 0.5261845386533666 0.11859582542694497 0.14962593516209477
