32 0.43065268065268064 0.3132054176072235 0.175990675990676 0.18848758465011287
32 0.4807692307692308 0.536117381489842 0.4370629370629371 0.23476297968397292
32 0.6066433566433567 0.40914221218961627 0.32517482517482516 0.1613995485327314
28 0.8537296037296037 0.5231376975169301 0.23426573426573427 0.28103837471783294
23 0.6491841491841492 0.768058690744921 0.40559440559440557 0.3058690744920993
33 0.175990675990676 0.4187358916478555 0.2097902097902098 0.19413092550790068
13 0.24708624708624707 0.7313769751693002 0.38461538461538464 0.42663656884875845
7 0.8455710955710956 0.3148984198645598 0.15034965034965034 0.15349887133182843
33 0.31934731934731936 0.12471783295711061 0.3356643356643357 0.136568848758465
35 0.6497668997668997 0.18679458239277652 0.3531468531468531 0.2742663656884876
