6 0.3277777777777778 0.5701612903225807 0.2577777777777778 0.5048387096774194
6 0.485 0.6282258064516129 0.07222222222222222 0.1338709677419355
6 0.485 0.6282258064516129 0.07222222222222222 0.1338709677419355
28 0.5261111111111111 0.3903225806451613 0.1811111111111111 0.17419354838709677
23 0.7227777777777777 0.36370967741935484 0.2411111111111111 0.2435483870967742
35 0.7577777777777778 0.5274193548387097 0.27111111111111114 0.16774193548387098
27 0.7344444444444445 0.6782258064516129 0.2644444444444444 0.1629032258064516
24 0.7344444444444445 0.6782258064516129 0.2644444444444444 0.1629032258064516
4 0.5522222222222222 0.7661290322580645 0.11777777777777777 0.06451612903225806
35 0.5633333333333334 0.4717741935483871 0.22666666666666666 0.2435483870967742
