1 0.655 0.5394160583941606 0.4477777777777778 0.4
1 0.5533333333333333 0.7857664233576642 0.21555555555555556 0.10583941605839416
23 0.30277777777777776 0.7733576642335767 0.39 0.16131386861313868
35 0.2922222222222222 0.6437956204379562 0.34444444444444444 0.16642335766423358
27 0.2733333333333333 0.4737226277372263 0.29555555555555557 0.2686131386861314
7 0.2733333333333333 0.4737226277372263 0.29555555555555557 0.2686131386861314
27 0.2733333333333333 0.4737226277372263 0.29555555555555557 0.2686131386861314
28 0.5477777777777778 0.3091240875912409 0.2111111111111111 0.17153284671532848
4 0.8238888888888889 0.35912408759124087 0.10333333333333333 0.10656934306569343
24 0.725 0.29854014598540146 0.16333333333333333 0.11532846715328467
