28 0.4488970588235294 0.3810457516339869 0.2625 0.3254901960784314
35 0.15514705882352942 0.47124183006535947 0.17941176470588235 0.29673202614379085
27 0.5058823529411764 0.6947712418300653 0.17352941176470588 0.3254901960784314
27 0.38566176470588237 0.8254901960784313 0.06544117647058824 0.08235294117647059
13 0.22830882352941176 0.27124183006535946 0.2301470588235294 0.29934640522875816
29 0.4091911764705882 0.19934640522875818 0.10661764705882353 0.10326797385620914
31 0.41102941176470587 0.10522875816993464 0.09264705882352942 0.08235294117647059
31 0.5066176470588235 0.169281045751634 0.0838235294117647 0.11633986928104575
31 0.5819852941176471 0.17647058823529413 0.05220588235294118 0.08366013071895424
32 0.7867647058823529 0.3954248366013072 0.4235294117647059 0.5947712418300654
7 0.7003676470588235 0.7379084967320262 0.20661764705882352 0.2130718954248366
32 0.8797794117647059 0.7627450980392156 0.23308823529411765 0.13725490196078433
