23 0.6291666666666667 0.7218181818181818 0.19015151515151515 0.14424242424242426
35 0.7340909090909091 0.843939393939394 0.23333333333333334 0.1715151515151515
13 0.6443181818181818 0.5281818181818182 0.16893939393939394 0.17515151515151514
32 0.3416666666666667 0.8127272727272727 0.2727272727272727 0.37454545454545457
21 0.48484848484848486 0.576969696969697 0.09242424242424242 0.059393939393939395
27 0.4401515151515151 0.5781818181818181 0.09545454545454546 0.03636363636363636
28 0.7897727272727273 0.6933333333333334 0.13863636363636364 0.15151515151515152
27 0.540530303030303 0.5184848484848484 0.13560606060606062 0.15212121212121213
4 0.6265151515151515 0.9187878787878788 0.353030303030303 0.16242424242424242
21 0.30303030303030304 0.5248484848484849 0.12272727272727273 0.13696969696969696
27 0.718939393939394 0.48757575757575755 0.15 0.13636363636363635
33 0.4863636363636364 0.76 0.2318181818181818 0.21454545454545454
13 0.39090909090909093 0.49272727272727274 0.1696969696969697 0.16121212121212122
