13 0.3486111111111111 0.23534558180227472 0.25462962962962965 0.25196850393700787
28 0.7203703703703703 0.5594925634295713 0.17962962962962964 0.15660542432195976
23 0.5666666666666667 0.5494313210848644 0.21296296296296297 0.2274715660542432
13 0.722037037037037 0.2777777777777778 0.23999999999999994 0.40507436570428695
4 0.6666666666666666 0.7930883639545057 0.2796296296296296 0.279090113735783
35 0.725 0.7270341207349081 0.17777777777777778 0.2642169728783902
32 0.3837962962962963 0.694663167104112 0.3175925925925926 0.5809273840769904
27 0.5361111111111111 0.2637795275590551 0.19074074074074074 0.3350831146106737
34 0.4172685185185185 0.4645231846019248 0.1784259259259259 0.1645669291338583
11 0.4738425925925926 0.2152230971128609 0.09212962962962963 0.23972003499562555
