24 0.6974358974358974 0.7959714100064977 0.3145299145299145 0.26120857699805067
11 0.5158119658119659 0.25795971410006496 0.1752136752136752 0.26250812215724495
27 0.5004273504273504 0.31968810916179335 0.24188034188034188 0.2222222222222222
28 0.7645299145299145 0.5331384015594542 0.1683760683760684 0.17089018843404807
13 0.27521367521367524 0.24041585445094216 0.3247863247863248 0.2729044834307992
13 0.755982905982906 0.2654320987654321 0.24700854700854702 0.3645224171539961
1 0.33760683760683763 0.6861598440545809 0.5247863247863248 0.5860948667966212
35 0.7782051282051282 0.6536712150747238 0.1700854700854701 0.17803768680961662
27 0.5418803418803418 0.14684860298895386 0.19145299145299147 0.142949967511371
23 0.573076923076923 0.5448343079922028 0.36666666666666664 0.27485380116959063
