28 0.7152777777777778 0.5407911001236094 0.08611111111111111 0.14215080346106304
35 0.6587962962962963 0.6248454882571075 0.1287037037037037 0.1619283065512979
27 0.612037037037037 0.30593325092707047 0.14074074074074075 0.22126081582200247
24 0.6074074074074074 0.7323856613102596 0.16296296296296298 0.1668726823238566
23 0.6138888888888889 0.5049443757725587 0.13333333333333333 0.11248454882571075
34 0.5408796296296297 0.6829419035846724 0.05398148148148144 0.1619283065512979
1 0.44537037037037036 0.5618046971569839 0.21666666666666667 0.40173053152039556
33 0.5708333333333333 0.5970333745364648 0.049074074074074076 0.14833127317676142
13 0.7157407407407408 0.33127317676143386 0.12222222222222222 0.2027194066749073
13 0.5074074074074074 0.2620519159456119 0.15 0.19530284301606923
