4 0.6069254185692542 0.9150943396226415 0.4101978691019787 0.16981132075471697
13 0.645738203957382 0.5139987827145466 0.17427701674277016 0.17224589166159465
21 0.4832572298325723 0.5706025562994522 0.0958904109589041 0.05903834449178332
27 0.5338660578386606 0.5091296409007913 0.13926940639269406 0.15155203895313452
28 0.79337899543379 0.6832014607425442 0.14383561643835616 0.155203895313451
33 0.5136986301369864 0.7674984783931832 0.2313546423135464 0.21667681071211198
27 0.43706240487062403 0.5733414485696896 0.09543378995433788 0.036518563603164945
27 0.7142313546423136 0.47474132684114423 0.15449010654490106 0.13998782714546562
32 0.3961187214611872 0.8094948265368229 0.2625570776255708 0.3542300669506999
13 0.3828006088280061 0.4872185027388923 0.1735159817351598 0.16859403530127814
23 0.6297564687975646 0.7105903834449179 0.19558599695585996 0.13816189896530737
21 0.3032724505327245 0.5213024954351796 0.14383561643835616 0.14059646987218502
35 0.7470319634703196 0.8381010346926354 0.22891933028919326 0.17528910529519173
