1 0.4818627450980392 0.4343137254901961 0.3696078431372549 0.296078431372549
28 0.36323529411764705 0.2980392156862745 0.1303921568627451 0.09607843137254903
28 0.2446078431372549 0.39166666666666666 0.16568627450980392 0.16568627450980392
17 0.2681372549019608 0.4843137254901961 0.10686274509803921 0.24313725490196078
17 0.32107843137254904 0.5509803921568628 0.05784313725490196 0.060784313725490195
35 0.31813725490196076 0.6357843137254902 0.33431372549019606 0.22450980392156863
27 0.7691176470588236 0.5264705882352941 0.17941176470588235 0.26862745098039215
27 0.5872549019607843 0.6617647058823529 0.1980392156862745 0.24705882352941178
7 0.46519607843137256 0.5980392156862745 0.21274509803921568 0.07058823529411765
23 0.6745098039215687 0.3264705882352941 0.21568627450980393 0.1784313725490196
23 0.5480392156862746 0.2372549019607843 0.22156862745098038 0.1803921568627451
