28 0.45808823529411763 0.48333333333333334 0.21029411764705883 0.21568627450980393
14 0.22316176470588237 0.6514705882352941 0.2875 0.17941176470588235
14 0.4672794117647059 0.6563725490196078 0.09632352941176471 0.11470588235294117
13 0.22463235294117648 0.38382352941176473 0.19338235294117648 0.17352941176470588
27 0.3981617647058823 0.6720588235294118 0.06691176470588235 0.18529411764705883
27 0.49558823529411766 0.7318627450980392 0.12941176470588237 0.061764705882352944
27 0.29963235294117646 0.7240196078431372 0.12573529411764706 0.0696078431372549
32 0.6886029411764706 0.49950980392156863 0.2713235294117647 0.44803921568627453
7 0.5856617647058824 0.6872549019607843 0.06544117647058824 0.12745098039215685
7 0.8503676470588235 0.5720588235294117 0.06544117647058824 0.23627450980392156
13 0.35404411764705884 0.34901960784313724 0.09926470588235294 0.2
35 0.25698529411764703 0.5181372549019608 0.2286764705882353 0.1480392156862745
13 0.4650735294117647 0.3446078431372549 0.1213235294117647 0.09901960784313725
