1 0.35698529411764707 0.5980392156862745 0.18161764705882352 0.46143790849673205
1 0.5209558823529412 0.6058823529411764 0.13602941176470587 0.44575163398692813
1 0.7158088235294118 0.5640522875816993 0.22279411764705884 0.4091503267973856
35 0.7003676470588235 0.7843137254901961 0.11838235294117647 0.10980392156862745
35 0.8136029411764706 0.5176470588235295 0.1125 0.14901960784313725
0 0.6033088235294117 0.734640522875817 0.06544117647058824 0.20392156862745098
23 0.21580882352941178 0.6124183006535948 0.11691176470588235 0.4222222222222222
28 0.2952205882352941 0.5013071895424837 0.07279411764705883 0.13202614379084968
28 0.42683823529411763 0.7143790849673203 0.04485294117647059 0.10326797385620914
27 0.6716911764705882 0.37712418300653594 0.2639705882352941 0.23398692810457516
