1 0.48562091503267973 0.29362745098039217 0.665359477124183 0.36176470588235293
7 0.3287581699346405 0.11029411764705882 0.23398692810457516 0.11470588235294117
7 0.5908496732026144 0.14215686274509803 0.2954248366013072 0.11960784313725491
7 0.22156862745098038 0.4166666666666667 0.13986928104575164 0.08627450980392157
28 0.5215686274509804 0.5264705882352941 0.24052287581699347 0.24705882352941178
14 0.2849673202614379 0.5946078431372549 0.2797385620915033 0.23039215686274508
13 0.2797385620915033 0.8147058823529412 0.25359477124183005 0.2784313725490196
13 0.5045751633986928 0.8598039215686275 0.1934640522875817 0.09803921568627451
35 0.5477124183006536 0.7426470588235294 0.2797385620915033 0.21666666666666667
11 0.657516339869281 0.8504901960784313 0.10196078431372549 0.08529411764705883
11 0.7320261437908496 0.7029411764705882 0.09934640522875816 0.08823529411764706
27 0.7444444444444445 0.6122549019607844 0.19738562091503267 0.26372549019607844
