7 0.21633986928104576 0.14362745098039215 0.11633986928104575 0.06372549019607843
7 0.7529411764705882 0.32598039215686275 0.04967320261437908 0.1676470588235294
7 0.661437908496732 0.15637254901960784 0.14901960784313725 0.05784313725490196
23 0.3718954248366013 0.7299019607843137 0.4588235294117647 0.2833333333333333
28 0.4261437908496732 0.5720588235294117 0.19607843137254902 0.15588235294117647
27 0.7215686274509804 0.557843137254902 0.19084967320261437 0.3431372549019608
35 0.6398692810457516 0.7 0.257516339869281 0.1843137254901961
1 0.23137254901960785 0.20784313725490197 0.09934640522875816 0.07254901960784314
1 0.4320261437908497 0.3656862745098039 0.5947712418300654 0.2372549019607843
1 0.43071895424836604 0.17745098039215687 0.30196078431372547 0.1411764705882353
1 0.6823529411764706 0.20245098039215687 0.19084967320261437 0.08333333333333333
