28 0.4275 0.35 0.19 0.31666666666666665
2 0.746875 0.8225 0.29625 0.355
2 0.683125 0.66 0.43375 0.44333333333333336
2 0.710625 0.4141666666666667 0.12375 0.18166666666666667
34 0.844375 0.4275 0.26125 0.31166666666666665
10 0.426875 0.745 0.10375 0.15666666666666668
31 0.24875 0.29583333333333334 0.175 0.21166666666666667
35 0.519375 0.12833333333333333 0.22375 0.24
21 0.320625 0.0975 0.15875 0.155
13 0.218125 0.5183333333333333 0.35875 0.43333333333333335
13 0.249375 0.14083333333333334 0.14625 0.14166666666666666
13 0.374375 0.17916666666666667 0.08125 0.07166666666666667
13 0.57125 0.3283333333333333 0.1025 0.19666666666666666
7 0.563125 0.8516666666666667 0.28875 0.22666666666666666
7 0.8975 0.6508333333333334 0.0625 0.15833333333333333
26 0.555625 0.515 0.31625 0.43333333333333335
