19 0.5577205882352941 0.7137896825396826 0.20955882352941177 0.3263888888888889
32 0.2863970588235294 0.3804563492063492 0.34044117647058825 0.33035714285714285
32 0.38786764705882354 0.7891865079365079 0.11102941176470588 0.19146825396825398
7 0.12463235294117647 0.8497023809523809 0.10808823529411765 0.09821428571428571
7 0.07169117647058823 0.6488095238095238 0.06102941176470588 0.2916666666666667
7 0.11948529411764706 0.3998015873015873 0.0625 0.1865079365079365
7 0.42169117647058824 0.6284722222222222 0.05808823529411765 0.12797619047619047
28 0.5790441176470589 0.4479166666666667 0.22573529411764706 0.22321428571428573
19 0.5702205882352941 0.7127976190476191 0.21102941176470588 0.33630952380952384
4 0.5775735294117647 0.27628968253968256 0.24044117647058824 0.1259920634920635
35 0.7636029411764705 0.3209325396825397 0.18308823529411763 0.18353174603174602
23 0.8106617647058824 0.6453373015873016 0.2772058823529412 0.4593253968253968
23 0.6378676470588235 0.8412698412698413 0.06102941176470588 0.07936507936507936
32 0.2555147058823529 0.6929563492063492 0.30808823529411766 0.28869047619047616
