6 0.7912087912087912 0.4713193116634799 0.27289377289377287 0.19694072657743786
6 0.5636446886446886 0.28250478011472274 0.1510989010989011 0.4292543021032505
13 0.4001831501831502 0.16682600382409177 0.04212454212454213 0.052581261950286805
13 0.3347069597069597 0.2347036328871893 0.13644688644688643 0.11759082217973231
13 0.44459706959706957 0.2347036328871893 0.2261904761904762 0.28393881453154873
13 0.9308608058608059 0.5334608030592735 0.12362637362637363 0.08030592734225621
13 0.7023809523809523 0.6759082217973231 0.27289377289377287 0.3479923518164436
13 0.39880952380952384 0.6577437858508605 0.31227106227106227 0.361376673040153
26 0.3218864468864469 0.6462715105162524 0.048534798534798536 0.09560229445506692
26 0.8342490842490843 0.7404397705544933 0.09340659340659341 0.13862332695984703
26 0.9404761904761905 0.4947418738049713 0.07509157509157509 0.05640535372848948
26 0.6231684981684982 0.6290630975143403 0.04487179487179487 0.09751434034416825
26 0.8768315018315018 0.611376673040153 0.12362637362637363 0.1826003824091778
7 0.25137362637362637 0.47609942638623326 0.2976190476190476 0.384321223709369
13 0.7303113553113553 0.1630019120458891 0.2847985347985348 0.16347992351816443
13 0.7124542124542125 0.36663479923518166 0.16666666666666666 0.13288718929254303
13 0.8846153846153846 0.3513384321223709 0.15384615384615385 0.10038240917782026
6 0.575091575091575 0.6108986615678776 0.06776556776556776 0.12237093690248566
26 0.782051282051282 0.24521988527724664 0.36996336996337 0.2208413001912046
26 0.6185897435897436 0.5348948374760994 0.12912087912087913 0.15391969407265774
26 0.5054945054945055 0.7552581261950286 0.16117216117216118 0.25239005736137665
26 0.48443223443223443 0.3953154875717017 0.17582417582417584 0.2074569789674952
