29 0.3852833638025594 0.5224358974358975 0.0886654478976234 0.028388278388278388
29 0.6224862888482633 0.2184065934065934 0.42413162705667273 0.24084249084249085
29 0.8322669104204753 0.3804945054945055 0.07586837294332724 0.16575091575091574
29 0.14716636197440586 0.625 0.10054844606946983 0.2554945054945055
29 0.5105118829981719 0.6634615384615384 0.0886654478976234 0.13095238095238096
29 0.7138939670932358 0.8415750915750916 0.283363802559415 0.27106227106227104
29 0.7879341864716636 0.6112637362637363 0.11151736745886655 0.11446886446886446
7 0.40585009140767825 0.7486263736263736 0.4643510054844607 0.4551282051282051
2 0.6919561243144424 0.5183150183150184 0.19378427787934185 0.19597069597069597
2 0.3414076782449726 0.46382783882783885 0.2806215722120658 0.22802197802197802
2 0.1896709323583181 0.3663003663003663 0.1983546617915905 0.3241758241758242
2 0.6787020109689214 0.7834249084249084 0.1489945155393053 0.1749084249084249
2 0.879798903107861 0.6268315018315018 0.21663619744058502 0.17307692307692307
21 0.34963436928702013 0.3141025641025641 0.3829981718464351 0.4230769230769231
21 0.6563071297989032 0.451007326007326 0.36745886654478976 0.35622710622710624
21 0.8628884826325411 0.47527472527472525 0.12431444241316271 0.2600732600732601
21 0.9053930530164533 0.7257326007326007 0.0886654478976234 0.06135531135531135
21 0.6453382084095064 0.6561355311355311 0.17550274223034734 0.08333333333333333
2 0.9136197440585009 0.4084249084249084 0.07769652650822668 0.17582417582417584
