28 0.5611111111111111 0.7363420427553444 0.20555555555555555 0.38004750593824227
1 0.7013888888888888 0.44655581947743467 0.4305555555555556 0.8076009501187649
33 0.1638888888888889 0.6460807600950119 0.23333333333333334 0.3847980997624703
7 0.6805555555555556 0.5570071258907363 0.41388888888888886 0.7292161520190024
7 0.8506944444444444 0.4192399049881235 0.15416666666666667 0.5914489311163895
13 0.3013888888888889 0.6555819477434679 0.375 0.5273159144893111
21 0.33194444444444443 0.37292161520190026 0.16944444444444445 0.2755344418052256
9 0.14652777777777778 0.40498812351543945 0.19583333333333333 0.3919239904988123
27 0.25763888888888886 0.14726840855106887 0.3402777777777778 0.29453681710213775
35 0.18680555555555556 0.2365795724465558 0.19305555555555556 0.11211401425178148
