32 0.2966666666666667 0.3024193548387097 0.28888888888888886 0.2693548387096774
32 0.405 0.5758064516129032 0.25 0.3032258064516129
23 0.7527777777777778 0.36693548387096775 0.2633333333333333 0.1693548387096774
23 0.8061111111111111 0.5282258064516129 0.13 0.18225806451612903
27 0.5494444444444444 0.7306451612903225 0.17444444444444446 0.22903225806451613
27 0.7211111111111111 0.7975806451612903 0.18444444444444444 0.21451612903225806
4 0.32722222222222225 0.7362903225806452 0.2833333333333333 0.12741935483870967
35 0.6494444444444445 0.510483870967742 0.2544444444444444 0.14677419354838708
35 0.6966666666666667 0.6798387096774193 0.24888888888888888 0.21774193548387097
28 0.5288888888888889 0.38306451612903225 0.19333333333333333 0.20483870967741935
