18 0.38357142857142856 0.4543147208121827 0.18142857142857144 0.5888324873096447
18 0.5342857142857143 0.7208121827411168 0.24857142857142858 0.45685279187817257
18 0.3057142857142857 0.748730964467005 0.16285714285714287 0.350253807106599
28 0.6157142857142858 0.4746192893401015 0.32571428571428573 0.28426395939086296
7 0.6814285714285714 0.6637055837563451 0.08857142857142856 0.1446700507614213
7 0.39071428571428574 0.8781725888324873 0.07571428571428572 0.15736040609137056
11 0.5821428571428572 0.2982233502538071 0.09571428571428571 0.09898477157360407
33 0.7892857142857143 0.4276649746192893 0.09571428571428571 0.14974619289340102
4 0.7892857142857143 0.4276649746192893 0.09571428571428571 0.14974619289340102
4 0.7892857142857143 0.4276649746192893 0.09571428571428571 0.14974619289340102
23 0.6785714285714286 0.12944162436548223 0.2571428571428571 0.15228426395939088
