28 0.4065359477124183 0.5598039215686275 0.17254901960784313 0.1784313725490196
35 0.19869281045751633 0.5186274509803922 0.2169934640522876 0.13137254901960785
11 0.3130718954248366 0.47058823529411764 0.07973856209150326 0.06470588235294118
13 0.18888888888888888 0.43333333333333335 0.21830065359477124 0.13137254901960785
27 0.16143790849673204 0.6318627450980392 0.30718954248366015 0.19509803921568628
1 0.5993464052287582 0.4362745098039216 0.3908496732026144 0.11960784313725491
7 0.6248366013071895 0.7274509803921568 0.3058823529411765 0.13137254901960785
7 0.6549019607843137 0.5186274509803922 0.0915032679738562 0.08627450980392157
7 0.7647058823529411 0.44607843137254904 0.0 0.0
1 0.5777777777777777 0.5946078431372549 0.17777777777777778 0.18529411764705883
27 0.3980392156862745 0.6833333333333333 0.15294117647058825 0.11568627450980393
1 0.777124183006536 0.6220588235294118 0.20522875816993463 0.24411764705882352
