11 0.33319039451114923 0.2681372549019608 0.08662092624356775 0.09901960784313725
35 0.2221269296740995 0.3392156862745098 0.21269296740994853 0.20980392156862746
27 0.1835334476843911 0.5225490196078432 0.3190394511149228 0.3215686274509804
13 0.2118353344768439 0.20588235294117646 0.20926243567753003 0.17058823529411765
28 0.4343910806174957 0.4 0.1758147512864494 0.26862745098039215
7 0.6706689536878216 0.6583333333333333 0.3276157804459691 0.23039215686274508
1 0.6380789022298456 0.2181372549019608 0.4236706689536878 0.18725490196078431
7 0.6852487135506004 0.3392156862745098 0.05660377358490566 0.09411764705882353
7 0.8040308747855918 0.22156862745098038 0.054030874785591765 0.07058823529411765
27 0.4258147512864494 0.596078431372549 0.1620926243567753 0.22156862745098038
1 0.8160377358490566 0.4980392156862745 0.20840480274442538 0.37058823529411766
1 0.6149228130360206 0.4553921568627451 0.18524871355060035 0.2833333333333333
