28 0.6366013071895424 0.5774509803921568 0.269281045751634 0.13725490196078433
35 0.7091503267973857 0.6941176470588235 0.1450980392156863 0.09607843137254903
35 0.8444444444444444 0.7495098039215686 0.17516339869281045 0.16568627450980392
13 0.5516339869281046 0.7784313725490196 0.15947712418300652 0.25882352941176473
13 0.7366013071895425 0.8294117647058824 0.20784313725490197 0.16470588235294117
27 0.8418300653594771 0.6058823529411764 0.18823529411764706 0.14901960784313725
14 0.4013071895424837 0.7049019607843138 0.19869281045751633 0.24901960784313726
18 0.1869281045751634 0.5495098039215687 0.33202614379084966 0.31470588235294117
18 0.42287581699346405 0.5102941176470588 0.12941176470588237 0.23627450980392156
18 0.5352941176470588 0.4774509803921569 0.09281045751633987 0.11176470588235295
