23 0.6032407407407407 0.5884529977794226 0.19722222222222222 0.25758697261287933
34 0.5995370370370371 0.8038490007401925 0.15833333333333333 0.19541080680977055
28 0.7333333333333333 0.5547742413027387 0.17222222222222222 0.16210214655810512
4 0.7106481481481481 0.7964470762398224 0.1712962962962963 0.17320503330866024
27 0.49527777777777776 0.30444115470022204 0.18777777777777774 0.15055514433752773
1 0.36018518518518516 0.6639526276831976 0.39814814814814814 0.5284974093264249
13 0.6675925925925926 0.2923760177646188 0.23703703703703705 0.3182827535159141
13 0.30416666666666664 0.2542561065877128 0.2935185185185185 0.26424870466321243
35 0.7412037037037037 0.6806069578090304 0.1638888888888889 0.16358253145817914
27 0.5287037037037037 0.16617320503330865 0.13518518518518519 0.11621021465581051
