1 0.7277777777777777 0.2932098765432099 0.42407407407407405 0.48271604938271606
21 0.13472222222222222 0.19444444444444445 0.18055555555555555 0.16666666666666666
13 0.17777777777777778 0.25246913580246916 0.2611111111111111 0.3197530864197531
24 0.4726851851851852 0.8006172839506173 0.3194444444444444 0.26049382716049385
23 0.4203703703703704 0.458641975308642 0.23703703703703705 0.21604938271604937
28 0.5689814814814815 0.5117283950617284 0.11388888888888889 0.2111111111111111
27 0.7824074074074074 0.7376543209876543 0.3074074074074074 0.3592592592592593
34 0.1037037037037037 0.8308641975308642 0.2074074074074074 0.19753086419753085
35 0.4212962962962963 0.20864197530864198 0.1111111111111111 0.2271604938271605
35 0.525 0.6691358024691358 0.2462962962962963 0.23209876543209876
32 0.24351851851851852 0.6537037037037037 0.4351851851851852 0.4185185185185185
