13 0.3857677902621723 0.4952038369304556 0.16779026217228465 0.1642685851318945
21 0.3539325842696629 0.7880695443645084 0.3453183520599251 0.3986810551558753
4 0.6086142322097379 0.9229616306954437 0.351310861423221 0.15407673860911272
23 0.6310861423220974 0.7245203836930456 0.18352059925093633 0.13369304556354916
21 0.2951310861423221 0.5275779376498801 0.12134831460674157 0.1366906474820144
21 0.4779026217228464 0.5818345323741008 0.09438202247191012 0.05935251798561151
27 0.43258426966292135 0.5818345323741008 0.099625468164794 0.03776978417266187
27 0.5329588014981274 0.5224820143884892 0.1400749063670412 0.14808153477218225
27 0.7142322097378278 0.49640287769784175 0.149063670411985 0.1366906474820144
28 0.7838951310861423 0.7032374100719424 0.14307116104868914 0.15347721822541965
35 0.7205992509363296 0.8525179856115108 0.2352059925093633 0.17146282973621102
13 0.6423220973782772 0.5479616306954437 0.1655430711610487 0.15347721822541965
33 0.550936329588015 0.8372302158273381 0.11910112359550562 0.13609112709832133
33 0.5400749063670413 0.6915467625899281 0.08089887640449438 0.05935251798561151
