17 0.15234375 0.478921568627451 0.296875 0.07352941176470588
17 0.14908854166666666 0.5098039215686274 0.09505208333333333 0.19607843137254902
23 0.33203125 0.3323529411764706 0.3307291666666667 0.16470588235294117
28 0.564453125 0.41911764705882354 0.20442708333333334 0.12450980392156863
28 0.3795572916666667 0.46225490196078434 0.17578125 0.1303921568627451
21 0.7936197916666666 0.4627450980392157 0.32421875 0.23921568627450981
21 0.2604166666666667 0.5823529411764706 0.125 0.1411764705882353
1 0.4680989583333333 0.6274509803921569 0.4361979166666667 0.3941176470588235
1 0.8444010416666666 0.667156862745098 0.30078125 0.21666666666666667
27 0.62890625 0.2911764705882353 0.2682291666666667 0.1803921568627451
7 0.6009114583333334 0.5014705882352941 0.11067708333333333 0.04215686274509804
