7 0.5202205882352942 0.6259803921568627 0.15514705882352942 0.07352941176470588
35 0.30073529411764705 0.5053921568627451 0.12058823529411765 0.16176470588235295
28 0.37683823529411764 0.35833333333333334 0.08602941176470588 0.13431372549019607
28 0.45698529411764705 0.3176470588235294 0.07720588235294118 0.07254901960784314
0 0.5709558823529411 0.33088235294117646 0.1036764705882353 0.15588235294117647
0 0.6606617647058823 0.3784313725490196 0.07426470588235294 0.10196078431372549
33 0.6422794117647059 0.625 0.09044117647058823 0.11666666666666667
33 0.6904411764705882 0.5446078431372549 0.07352941176470588 0.10294117647058823
23 0.35551470588235295 0.6617647058823529 0.17279411764705882 0.25882352941176473
23 0.5363970588235294 0.740686274509804 0.1875 0.16176470588235295
1 0.5033088235294118 0.36323529411764705 0.13308823529411765 0.10882352941176471
1 0.6268382352941176 0.4950980392156863 0.10955882352941176 0.1784313725490196
1 0.5040441176470588 0.5171568627450981 0.13161764705882353 0.19705882352941176
1 0.4011029411764706 0.4504901960784314 0.07867647058823529 0.18529411764705883
