1 0.4496732026143791 0.7240196078431372 0.7241830065359477 0.5088235294117647
7 0.7444444444444445 0.8019607843137255 0.09281045751633987 0.07647058823529412
0 0.2019607843137255 0.33725490196078434 0.32287581699346407 0.33725490196078434
35 0.34444444444444444 0.11323529411764706 0.3437908496732026 0.22254901960784312
27 0.09477124183006536 0.1 0.16601307189542483 0.1607843137254902
13 0.661437908496732 0.13872549019607844 0.2980392156862745 0.22450980392156863
27 0.39673202614379083 0.3730392156862745 0.12941176470588237 0.2754901960784314
27 0.5071895424836601 0.2088235294117647 0.08366013071895424 0.10980392156862745
28 0.5790849673202615 0.38235294117647056 0.22745098039215686 0.2607843137254902
31 0.738562091503268 0.3588235294117647 0.12549019607843137 0.2980392156862745
