1 0.526797385620915 0.3348039215686274 0.5516339869281046 0.25980392156862747
27 0.5372549019607843 0.2073529411764706 0.26143790849673204 0.08333333333333333
27 0.2496732026143791 0.3333333333333333 0.12287581699346405 0.2803921568627451
27 0.38496732026143793 0.45441176470588235 0.12679738562091503 0.05784313725490196
27 0.6215686274509804 0.4764705882352941 0.21045751633986928 0.043137254901960784
27 0.40522875816993464 0.8362745098039216 0.4261437908496732 0.21764705882352942
35 0.6941176470588235 0.7901960784313725 0.20915032679738563 0.2
23 0.37516339869281046 0.6039215686274509 0.3869281045751634 0.307843137254902
28 0.6660130718954248 0.5607843137254902 0.2235294117647059 0.1392156862745098
27 0.6666666666666666 0.5725490196078431 0.0 0.0
