28 0.29673202614379085 0.5779411764705882 0.3477124183006536 0.25392156862745097
27 0.28366013071895424 0.24558823529411763 0.34248366013071896 0.4872549019607843
35 0.6 0.15588235294117647 0.24052287581699347 0.17450980392156862
27 0.5274509803921569 0.3338235294117647 0.13725490196078433 0.18725490196078431
13 0.5313725490196078 0.4598039215686274 0.13725490196078433 0.058823529411764705
35 0.7098039215686275 0.8274509803921568 0.25098039215686274 0.2627450980392157
7 0.1738562091503268 0.7573529411764706 0.09673202614379085 0.11470588235294117
1 0.40065359477124185 0.7862745098039216 0.5215686274509804 0.4235294117647059
1 0.757516339869281 0.6034313725490196 0.1843137254901961 0.26372549019607844
7 0.5535947712418301 0.5426470588235294 0.1503267973856209 0.08725490196078431
