6 0.08233532934131736 0.645320197044335 0.054890219560878244 0.05172413793103448
6 0.08682634730538923 0.521551724137931 0.1157684630738523 0.13423645320197045
13 0.07435129740518961 0.7068965517241379 0.13672654690618763 0.10591133004926108
13 0.14620758483033933 0.5394088669950738 0.21656686626746507 0.21921182266009853
13 0.3143712574850299 0.5184729064039408 0.23552894211576847 0.2684729064039409
13 0.37325349301397204 0.8011083743842364 0.2634730538922156 0.28201970443349755
13 0.1591816367265469 0.8195812807881774 0.1906187624750499 0.16379310344827586
7 0.29790419161676646 0.30295566502463056 0.3962075848303393 0.33004926108374383
6 0.5029940119760479 0.40332512315270935 0.12375249500998003 0.1145320197044335
6 0.6402195608782435 0.30110837438423643 0.10479041916167664 0.12438423645320197
6 0.7410179640718563 0.26354679802955666 0.06287425149700598 0.10098522167487685
6 0.8038922155688623 0.41502463054187194 0.15868263473053892 0.14039408866995073
6 0.8053892215568862 0.47044334975369456 0.07784431137724551 0.05172413793103448
6 0.7599800399201597 0.5578817733990148 0.08882235528942116 0.10591133004926108
6 0.19710578842315368 0.6724137931034483 0.15868263473053892 0.19704433497536947
6 0.31037924151696605 0.7469211822660099 0.0718562874251497 0.11206896551724138
13 0.6821357285429142 0.6724137931034483 0.17664670658682635 0.312807881773399
13 0.5474051896207585 0.604679802955665 0.1686626746506986 0.22167487684729065
13 0.4426147704590818 0.6139162561576355 0.0968063872255489 0.07758620689655173
13 0.4725548902195609 0.5018472906403941 0.09281437125748503 0.12931034482758622
6 0.5518962075848304 0.8060344827586207 0.15768463073852296 0.25985221674876846
6 0.4116766467065868 0.645320197044335 0.10079840319361277 0.07635467980295567
6 0.4236526946107784 0.5160098522167488 0.11077844311377245 0.1206896551724138
6 0.7749500998003992 0.749384236453202 0.2125748502994012 0.24261083743842365
13 0.6292415169660679 0.8854679802955665 0.15469061876247506 0.0960591133004926
13 0.843812375249501 0.5782019704433498 0.17864271457085829 0.20812807881773399
13 0.8258483033932136 0.32142857142857145 0.12874251497005987 0.16009852216748768
13 0.6342315369261478 0.30603448275862066 0.25848303393213573 0.35098522167487683
13 0.5728542914171657 0.42179802955665024 0.3013972055888224 0.3041871921182266
