1 0.6078431372549019 0.5797373358348968 0.14901960784313725 0.1726078799249531
1 0.5660130718954248 0.42964352720450283 0.08104575163398693 0.075046904315197
1 0.6052287581699346 0.1951219512195122 0.15947712418300652 0.1726078799249531
1 0.5745098039215686 0.33771106941838647 0.09019607843137255 0.0900562851782364
0 0.5816993464052288 0.47842401500938087 0.10718954248366012 0.0975609756097561
1 0.8405228758169935 0.1350844277673546 0.1934640522875817 0.1350844277673546
0 0.2797385620915033 0.29924953095684803 0.25882352941176473 0.32833020637898686
31 0.22549019607843138 0.6932457786116323 0.22875816993464052 0.34709193245778613
9 0.5490196078431373 0.7645403377110694 0.25098039215686274 0.24953095684803
1 0.4764705882352941 0.37429643527204504 0.13986928104575164 0.38461538461538464
35 0.1450980392156863 0.16791744840525327 0.16993464052287582 0.21200750469043153
33 0.11045751633986928 0.38649155722326456 0.12418300653594772 0.19136960600375236
13 0.822875816993464 0.5459662288930581 0.29150326797385623 0.701688555347092
