0 0.3542483660130719 0.25882352941176473 0.2718954248366013 0.09803921568627451
0 0.1895424836601307 0.36911764705882355 0.19869281045751633 0.11666666666666667
28 0.0915032679738562 0.4553921568627451 0.17254901960784313 0.08529411764705883
35 0.33986928104575165 0.7725490196078432 0.5228758169934641 0.14313725490196078
21 0.642483660130719 0.7813725490196078 0.12941176470588237 0.10196078431372549
33 0.7542483660130719 0.6931372549019608 0.26405228758169935 0.1607843137254902
33 0.8640522875816994 0.5191176470588236 0.26666666666666666 0.25392156862745097
33 0.8522875816993464 0.2593137254901961 0.09411764705882353 0.05784313725490196
1 0.6555555555555556 0.35 0.5607843137254902 0.3215686274509804
21 0.3137254901960784 0.5063725490196078 0.2901960784313726 0.23823529411764705
21 0.2830065359477124 0.34901960784313724 0.00392156862745098 0.0058823529411764705
28 0.1084967320261438 0.5504901960784314 0.21437908496732025 0.09705882352941177
35 0.19934640522875818 0.6509803921568628 0.3359477124183007 0.09215686274509804
21 0.5379084967320261 0.5803921568627451 0.3254901960784314 0.26862745098039215
