9 0.47017268445839877 0.4111764705882353 0.4003139717425432 0.19411764705882353
17 0.4552590266875981 0.2735294117647059 0.24803767660910517 0.15176470588235294
33 0.609105180533752 0.32294117647058823 0.13814756671899528 0.09529411764705882
0 0.609105180533752 0.32294117647058823 0.13814756671899528 0.09529411764705882
0 0.7817896389324961 0.3170588235294118 0.18838304552590268 0.19176470588235295
7 0.38618524332810045 0.5441176470588235 0.11616954474097331 0.06235294117647059
1 0.22527472527472528 0.6705882352941176 0.30612244897959184 0.30823529411764705
1 0.5565149136577708 0.6794117647058824 0.36891679748822603 0.33294117647058824
7 0.7017268445839875 0.6223529411764706 0.10989010989010989 0.06352941176470588
21 0.7056514913657771 0.4776470588235294 0.22762951334379905 0.15294117647058825
