18 0.33666666666666667 0.5766129032258065 0.40444444444444444 0.45645161290322583
28 0.49166666666666664 0.392741935483871 0.29888888888888887 0.25
28 0.6333333333333333 0.6290322580645161 0.20444444444444446 0.24838709677419354
23 0.7755555555555556 0.3814516129032258 0.23555555555555555 0.317741935483871
24 0.6122222222222222 0.317741935483871 0.10444444444444445 0.15483870967741936
24 0.7094444444444444 0.4314516129032258 0.10111111111111111 0.1338709677419355
24 0.8405555555555555 0.589516129032258 0.10555555555555556 0.13064516129032258
11 0.7761111111111111 0.6556451612903226 0.09666666666666666 0.1596774193548387
11 0.6277777777777778 0.4282258064516129 0.09777777777777778 0.10483870967741936
11 0.7155555555555555 0.5241935483870968 0.10888888888888888 0.12258064516129032
