28 0.16815476190476192 0.5267220902612827 0.2569444444444444 0.49524940617577196
33 0.7807539682539683 0.6241092636579573 0.23809523809523808 0.19358669833729217
33 0.8809523809523809 0.505938242280285 0.07738095238095238 0.14489311163895488
33 0.7822420634920635 0.18824228028503562 0.0882936507936508 0.15558194774346792
33 0.30753968253968256 0.8646080760095012 0.10912698412698413 0.07363420427553444
33 0.32787698412698413 0.6597387173396675 0.11607142857142858 0.2529691211401425
16 0.560515873015873 0.44002375296912116 0.10912698412698413 0.15558194774346792
16 0.6314484126984127 0.7119952494061758 0.12202380952380952 0.17220902612826602
33 0.2916666666666667 0.46021377672209024 0.10515873015873016 0.11045130641330166
33 0.45982142857142855 0.4513064133016627 0.10416666666666667 0.10688836104513064
33 0.6587301587301587 0.3836104513064133 0.09325396825396826 0.22327790973871733
33 0.5868055555555556 0.4916864608076009 0.08630952380952381 0.11163895486935867
15 0.5262896825396826 0.5944180522565321 0.32242063492063494 0.22684085510688837
15 0.42311507936507936 0.8129453681710214 0.10416666666666667 0.14133016627078385
15 0.5679563492063492 0.7209026128266033 0.06845238095238096 0.1543942992874109
15 0.4781746031746032 0.25771971496437057 0.1488095238095238 0.12826603325415678
15 0.7247023809523809 0.25653206650831356 0.33035714285714285 0.3491686460807601
15 0.8000992063492064 0.5112826603325415 0.1259920634920635 0.14133016627078385
16 0.40029761904761907 0.3521377672209026 0.07242063492063493 0.07244655581947744
18 0.30505952380952384 0.7808788598574822 0.13392857142857142 0.15795724465558195
18 0.47271825396825395 0.7381235154394299 0.13194444444444445 0.21021377672209027
18 0.7847222222222222 0.3824228028503563 0.1746031746031746 0.1995249406175772
18 0.5674603174603174 0.23812351543942992 0.16071428571428573 0.21021377672209027
18 0.3958333333333333 0.22921615201900236 0.15674603174603174 0.13064133016627077
18 0.4801587301587302 0.35570071258907365 0.18253968253968253 0.11520190023752969
15 0.37797619047619047 0.4192399049881235 0.08531746031746032 0.09501187648456057
