6 0.2913589364844904 0.509313725490196 0.3478581979320532 0.5049019607843137
7 0.4010339734121123 0.3 0.03988183161004431 0.047058823529411764
35 0.5590841949778435 0.36323529411764705 0.11669128508124077 0.1480392156862745
27 0.5129246676514032 0.27058823529411763 0.08197932053175776 0.08627450980392157
31 0.697562776957164 0.6529411764705882 0.15288035450516987 0.22156862745098038
31 0.5491137370753324 0.6049019607843137 0.1484490398818316 0.3235294117647059
28 0.707533234859675 0.44950980392156864 0.1757754800590842 0.21666666666666667
13 0.8297636632200887 0.5745098039215686 0.15140324963072377 0.34705882352941175
27 0.8264401772525849 0.3857843137254902 0.05760709010339734 0.09705882352941177
27 0.6484490398818316 0.37107843137254903 0.004431314623338257 0.004901960784313725
