35 0.2301470588235294 0.5465686274509803 0.13823529411764707 0.21470588235294116
14 0.39558823529411763 0.367156862745098 0.2338235294117647 0.3303921568627451
13 0.22058823529411764 0.3857843137254902 0.19705882352941176 0.35980392156862745
27 0.3113970588235294 0.7328431372549019 0.4007352941176471 0.26176470588235295
28 0.4113970588235294 0.5906862745098039 0.21691176470588236 0.21862745098039216
32 0.6713235294117647 0.6593137254901961 0.31029411764705883 0.346078431372549
27 0.7327205882352941 0.31029411764705883 0.17426470588235293 0.18529411764705883
27 0.5790441176470589 0.7362745098039216 0.11691176470588235 0.16666666666666666
27 0.7941176470588235 0.4730392156862745 0.054411764705882354 0.14215686274509803
32 0.6371323529411764 0.38676470588235295 0.24926470588235294 0.21666666666666667
32 0.5713235294117647 0.2323529411764706 0.10588235294117647 0.11372549019607843
