13 0.295625 0.7441666666666666 0.38875 0.38166666666666665
18 0.688125 0.4241666666666667 0.39625 0.6083333333333333
10 0.52875 0.6866666666666666 0.0675 0.11333333333333333
10 0.60875 0.7008333333333333 0.065 0.09833333333333333
28 0.423125 0.4058333333333333 0.17125 0.305
35 0.294375 0.5508333333333333 0.13375 0.3416666666666667
13 0.16 0.35333333333333333 0.1925 0.09666666666666666
21 0.2775 0.305 0.1075 0.16
13 0.3625 0.2425 0.1075 0.09833333333333333
31 0.149375 0.4666666666666667 0.17875 0.20666666666666667
7 0.63625 0.7183333333333334 0.1875 0.11666666666666667
7 0.89875 0.6083333333333333 0.0375 0.13666666666666666
