27 0.4355439642324888 0.5640643623361145 0.08718330849478391 0.03396901072705602
23 0.6210879284649776 0.6927890345649583 0.1572280178837556 0.1197854588796186
33 0.5156482861400894 0.7416567342073898 0.18628912071535023 0.20798569725864124
4 0.6162444113263785 0.8799165673420739 0.2965722801788376 0.1531585220500596
28 0.7581967213114754 0.6737187127532777 0.12593144560357675 0.1400476758045292
35 0.7052906110283159 0.8125744934445769 0.21535022354694486 0.15792610250297973
27 0.5249627421758569 0.5083432657926102 0.12891207153502235 0.14064362336114422
21 0.47578241430700446 0.5625744934445769 0.08718330849478391 0.05601907032181168
21 0.30476900149031294 0.5148986889153755 0.11326378539493294 0.1263408820023838
1 0.3491058122205663 0.7854588796185935 0.28837555886736216 0.34445768772348034
13 0.624441132637854 0.5256257449344458 0.15499254843517138 0.13587604290822408
13 0.38748137108792846 0.48480333730631703 0.15797317436661698 0.15435041716328962
27 0.6933681073025335 0.4812276519666269 0.14083457526080476 0.12812872467222886
