4 0.6761363636363636 0.9303030303030303 0.25681818181818183 0.1393939393939394
21 0.47575757575757577 0.5948484848484848 0.09696969696969697 0.06
35 0.7356060606060606 0.8560606060606061 0.23787878787878788 0.17272727272727273
23 0.6257575757575757 0.7306060606060606 0.1893939393939394 0.13272727272727272
28 0.7848484848484848 0.7042424242424242 0.13787878787878788 0.1503030303030303
27 0.5280303030303031 0.5351515151515152 0.13787878787878788 0.15151515151515152
1 0.3477272727272727 0.833030303030303 0.3212121212121212 0.3339393939393939
27 0.7049242424242425 0.5 0.15075757575757576 0.13575757575757577
27 0.43143939393939396 0.5975757575757575 0.09621212121212121 0.03636363636363636
21 0.2897727272727273 0.5478787878787879 0.125 0.13575757575757577
13 0.6458333333333334 0.5548484848484848 0.1856060606060606 0.1509090909090909
13 0.3784090909090909 0.5145454545454545 0.17196969696969697 0.16484848484848486
33 0.5553030303030303 0.8233333333333334 0.1621212121212121 0.1412121212121212
