28 0.7751141552511416 0.7108947048082775 0.13774733637747336 0.14850882531953744
21 0.4714611872146119 0.6004260499087036 0.09208523592085235 0.05782105903834449
27 0.523972602739726 0.539561777236762 0.13774733637747336 0.14911746804625683
27 0.4284627092846271 0.6028606208155812 0.091324200913242 0.035909920876445525
27 0.7012937595129376 0.5082166768107121 0.15144596651445966 0.13755325623858794
1 0.3443683409436834 0.81253804017042 0.302130898021309 0.37492391965916005
21 0.2861491628614916 0.55203895313451 0.121765601217656 0.1351186853317103
23 0.6145357686453576 0.7358490566037735 0.18797564687975646 0.13024954351795495
4 0.604261796042618 0.9324406573341448 0.3729071537290715 0.1351186853317103
33 0.5201674277016742 0.7185027388922702 0.09056316590563165 0.07121119902617164
33 0.5429984779299848 0.8301886792452831 0.16666666666666666 0.14120511259890445
13 0.3751902587519026 0.5185636031649422 0.1704718417047184 0.16433353621424224
13 0.6308980213089802 0.5496043822276324 0.1598173515981735 0.17285453438831405
35 0.7248858447488584 0.8618381010346926 0.23515981735159816 0.1704199634814364
