33 0.2485294117647059 0.3426470588235294 0.12205882352941176 0.15980392156862744
33 0.29448529411764707 0.49754901960784315 0.24632352941176472 0.15980392156862744
35 0.18419117647058825 0.5191176470588236 0.10661764705882353 0.41862745098039217
28 0.37830882352941175 0.30490196078431375 0.16838235294117648 0.22941176470588234
28 0.49558823529411766 0.24803921568627452 0.14558823529411766 0.21176470588235294
23 0.34044117647058825 0.15931372549019607 0.2647058823529412 0.24019607843137256
27 0.669485294117647 0.22450980392156863 0.20220588235294118 0.30196078431372547
21 0.3551470588235294 0.6965686274509804 0.2529411764705882 0.3558823529411765
21 0.6533088235294118 0.5941176470588235 0.3463235294117647 0.4843137254901961
7 0.4430147058823529 0.4696078431372549 0.06102941176470588 0.1
7 0.50625 0.39656862745098037 0.09338235294117647 0.07941176470588235
7 0.6003676470588235 0.307843137254902 0.06985294117647059 0.06666666666666667
27 0.5268382352941177 0.13137254901960785 0.09632352941176471 0.12745098039215685
