28 0.31585365853658537 0.5634715025906736 0.20243902439024392 0.14766839378238342
28 0.4298780487804878 0.5887305699481865 0.19878048780487806 0.12564766839378239
33 0.21707317073170732 0.47733160621761656 0.10975609756097561 0.1645077720207254
1 0.4195121951219512 0.39702072538860106 0.35365853658536583 0.1800518134715026
1 0.6426829268292683 0.36722797927461137 0.06829268292682927 0.08160621761658031
23 0.5109756097560976 0.2623056994818653 0.275609756097561 0.10751295336787564
27 0.6871951219512196 0.2856217616580311 0.09878048780487805 0.07124352331606218
35 0.6146341463414634 0.5654145077720207 0.17317073170731706 0.14378238341968913
35 0.7115853658536585 0.4022020725388601 0.06463414634146342 0.18523316062176165
35 0.6530487804878049 0.4650259067357513 0.054878048780487805 0.06735751295336788
7 0.5060975609756098 0.5025906735751295 0.17804878048780487 0.05699481865284974
