32 0.3834558823529412 0.4073529411764706 0.19044117647058822 0.4715686274509804
7 0.4540441176470588 0.6779411764705883 0.21691176470588236 0.11078431372549019
33 0.24485294117647058 0.7098039215686275 0.19558823529411765 0.16666666666666666
33 0.34301470588235294 0.7980392156862746 0.12720588235294117 0.20588235294117646
33 0.14816176470588235 0.5764705882352941 0.15220588235294116 0.2
28 0.22242647058823528 0.3975490196078431 0.13014705882352942 0.1696078431372549
28 0.26029411764705884 0.29362745098039217 0.06764705882352941 0.15
27 0.5886029411764706 0.19166666666666668 0.20955882352941177 0.1303921568627451
23 0.6775735294117647 0.3191176470588235 0.20220588235294118 0.1696078431372549
23 0.7694852941176471 0.5029411764705882 0.11544117647058824 0.21568627450980393
35 0.55625 0.7642156862745098 0.2977941176470588 0.27941176470588236
35 0.8113970588235294 0.6357843137254902 0.20220588235294118 0.37549019607843137
32 0.5430147058823529 0.41127450980392155 0.1213235294117647 0.4323529411764706
32 0.6452205882352942 0.4715686274509804 0.13161764705882353 0.3215686274509804
