1 0.7422794117647059 0.5377450980392157 0.35808823529411765 0.7245098039215686
7 0.74375 0.8602941176470589 0.06102941176470588 0.07941176470588235
7 0.8908088235294118 0.4504901960784314 0.05808823529411765 0.07941176470588235
0 0.37683823529411764 0.7034313725490197 0.1625 0.23627450980392156
35 0.1974264705882353 0.5980392156862745 0.1036764705882353 0.27647058823529413
13 0.2577205882352941 0.2887254901960784 0.24191176470588235 0.3362745098039216
31 0.4658088235294118 0.30245098039215684 0.20808823529411766 0.25392156862745097
27 0.3209558823529412 0.48676470588235293 0.08602941176470588 0.19901960784313724
27 0.2261029411764706 0.775 0.14338235294117646 0.07745098039215687
27 0.49963235294117647 0.7955882352941176 0.11985294117647059 0.13823529411764707
28 0.4764705882352941 0.5651960784313725 0.19264705882352942 0.3127450980392157
