1 0.2363970588235294 0.5352941176470588 0.4522058823529412 0.7450980392156863
7 0.18713235294117647 0.8857843137254902 0.07426470588235294 0.06764705882352941
7 0.38566176470588237 0.871078431372549 0.0713235294117647 0.07352941176470588
7 0.2650735294117647 0.23774509803921567 0.06838235294117648 0.04607843137254902
27 0.5518382352941177 0.271078431372549 0.1889705882352941 0.13627450980392156
28 0.5525735294117647 0.4294117647058823 0.20220588235294118 0.21372549019607842
31 0.5738970588235294 0.7240196078431372 0.2595588235294118 0.3558823529411765
35 0.7724264705882353 0.5161764705882353 0.26838235294117646 0.23039215686274508
27 0.7996323529411765 0.3681372549019608 0.2551470588235294 0.19705882352941176
13 0.7966911764705882 0.7583333333333333 0.24338235294117647 0.2754901960784314
7 0.2731617647058823 0.6524509803921569 0.04632352941176471 0.08725490196078431
