19 0.4261437908496732 0.45588235294117646 0.17516339869281045 0.09607843137254903
28 0.1954248366013072 0.5299019607843137 0.1450980392156863 0.12450980392156863
13 0.25163398692810457 0.4279411764705882 0.16339869281045752 0.08137254901960785
27 0.3032679738562091 0.6225490196078431 0.4130718954248366 0.1
13 0.2875816993464052 0.5225490196078432 0.06797385620915032 0.1
35 0.403921568627451 0.525 0.20130718954248367 0.11470588235294117
1 0.615686274509804 0.5799019607843138 0.20130718954248367 0.19509803921568628
1 0.7 0.44509803921568625 0.12941176470588237 0.0784313725490196
7 0.74640522875817 0.5862745098039216 0.13071895424836602 0.18235294117647058
7 0.7679738562091504 0.46715686274509804 0.048366013071895426 0.05784313725490196
21 0.6052287581699346 0.45 0.11241830065359477 0.09803921568627451
