1 0.09607843137254903 0.5436274509803921 0.1895424836601307 0.16568627450980392
1 0.2549019607843137 0.6245098039215686 0.23006535947712417 0.18627450980392157
1 0.4372549019607843 0.6676470588235294 0.2 0.18235294117647058
4 0.0915032679738562 0.6745098039215687 0.10718954248366012 0.0803921568627451
4 0.27124183006535946 0.7161764705882353 0.10065359477124183 0.05
4 0.23333333333333334 0.5176470588235295 0.0457516339869281 0.029411764705882353
28 0.4588235294117647 0.367156862745098 0.1542483660130719 0.15
1 0.38169934640522873 0.4392156862745098 0.47058823529411764 0.2411764705882353
7 0.45098039215686275 0.5544117647058824 0.1542483660130719 0.059803921568627454
27 0.8006535947712419 0.38382352941176473 0.3934640522875817 0.12058823529411765
13 0.8516339869281045 0.5299019607843137 0.29150326797385623 0.1696078431372549
7 0.5705882352941176 0.39166666666666666 0.06405228758169934 0.06568627450980392
