30 0.8516666666666667 0.4041666666666667 0.04833333333333333 0.15
27 0.5954166666666667 0.2869791666666667 0.3325 0.23645833333333333
21 0.8083333333333333 0.44114583333333335 0.045 0.153125
23 0.68 0.37395833333333334 0.3 0.27708333333333335
21 0.73875 0.49635416666666665 0.09916666666666667 0.11354166666666667
30 0.7029166666666666 0.5484375 0.060833333333333336 0.06770833333333333
30 0.7783333333333333 0.4203125 0.045 0.14895833333333333
28 0.37041666666666667 0.4046875 0.2025 0.17604166666666668
35 0.23666666666666666 0.5380208333333333 0.145 0.23020833333333332
1 0.45666666666666667 0.6171875 0.4583333333333333 0.3697916666666667
